glucose	bloodpressure	diabetes
40	85	0
40	92	0
45	63	1
45	80	0
40	73	1
45	82	0
40	85	0
30	63	1
65	65	1
45	82	0
35	73	1
45	90	0
50	68	1
40	93	0
35	80	1
50	70	1
40	73	1
40	67	1
40	75	1
40	80	1
40	72	1
40	88	0
40	78	1
45	98	0
40	88	0
60	67	1
40	85	0
40	88	0
45	78	0
55	73	1
45	77	1
50	68	1
45	77	1
40	85	0
45	70	1
45	72	1
45	90	0
40	65	1
45	88	0
45	88	0
40	68	1
40	73	1
45	88	0
45	78	0
45	85	0
40	83	0
40	63	1
45	73	1
45	90	0
45	87	0
40	90	0
45	93	0
50	73	1
40	68	1
50	68	1
50	90	0
50	75	1
50	85	0
45	83	0
50	65	1
45	80	0
40	75	1
35	77	1
55	68	1
45	85	0
45	87	0
25	82	1
40	90	0
45	82	0
45	80	0
45	88	0
40	87	0
45	70	1
45	88	0
45	88	0
50	67	1
45	93	0
45	90	0
55	77	1
35	62	1
30	78	1
50	82	0
45	83	0
40	83	0
40	82	0
50	70	1
45	92	0
40	90	0
40	85	0
40	73	1
50	88	0
30	80	1
40	85	1
30	75	1
45	85	0
40	85	0
60	80	1
40	90	0
35	65	1
